-350

-389 B 
-321
-276
-239

-539,150 B 
-453,132
-423,147
-405,166

-----------------------------------

-478

-501 B
-465
-432
-417

-572,71 B
-527,62
-514,82
-511,94

-----------------------------------

-219

-299 B
-204
-187
-154

-344,45 B
-326,42
-238,51
-210,56

-----------------------------------

-798

-820 B
-776
-754
-732

-852,32 B
-810,34
-796,42
-796,64

-----------------------------------

-576

-589 B
-545
-532
-503

-681,92 B
-648,103
-653,121
-635,132

-----------------------------------

-856

-874 B
-841
-834
-798

-898,24 B
-868,27
-869,35
-840,42

-----------------------------------

-907

-945 B
-897
-876
-854

-956,11 B
-914,17
-905,29
-887,33

-----------------------------------

-634

-675 B
-621
-607
-599

-915,240 B
-856,235
-860,253
-866,267

-----------------------------------

-176

-194 B
-153
-137
-142

-289,95 B
-236,83
-235,98
-244,102
